	1		926		363		213		307		1164		0		0
	2		926		364		212		275		1154		0		0
	3		925		368		211		271		891		0		0
	4		925		371		213		269		811		0		0
	5		926		374		211		257		813		0		0
	6		925		366		211		297		916		0		0
	7		924		362		212		294		1813		0		0
	8		925		359		212		315		2062		79		0
	9		921		361		212		318		1986		212		0
	10		920		364		213		318		2042		356		0
	11		920		366		211		314		2599		435		0
	12		920		365		211		312		2713		424		0
	13		917		366		211		323		2368		345		0
	14		918		366		204		323		2554		325		0
	15		918		366		199		329		2557		254		18
	16		919		368		199		328		2166		147		9
	17		920		375		203		344		2068		7		0
	18		921		371		208		350		2087		0		0
	19		921		370		210		354		2172		0		0
	20		921		365		200		355		2243		0		0
	21		921		355		186		356		2485		0		0
	22		922		352		185		322		2579		0		0
	23		924		352		185		303		2162		0		0
	24		923		354		185		305		1747		0		0
